image: ./lab_map.pgm
resolution: 0.100000
origin: [-7.624144, -11.205886, 0.000000]
negate: 0
occupied_thresh: 0.65
free_thresh: 0.196

